drop_path_rate: 0.3174014557648441
drop_rate: 0.35419483772460636
history_steps: 24
lr: 0.004579759039904434
slice_length: 1536
temperature: 0.0966689791227939
weight_decay: 0.00012386582585723483
