drop_path_rate: 0.8739057191801389
drop_rate: 0.22478389473089777
history_steps: 8
lr: 0.0001807225181914691
slice_length: 768
temperature: 0.46367650870664356
weight_decay: 2.530987832965896e-06
